D&D Mini-Rules
==============

## Ability Score Bonuses ##

Score        Modifier
-----        --------
3             -3
4--5          -2
6--8          -1
9--12          0
13--15        +1
16--17        +2
18            +3

## Character Advancement ##

Level    5e Experience    B/X Average    custom
-----    -------------    -----------    ------
1        0                0              0
2        300              2,200          400
3        900              3,471          1,200
4        2,700            8,800          3,600
5        6,500            17,514         10,800
6        14,000           35,428         32,400
7        23,000           69,714         64,800
8        34,000           137,142        129,600
9        48,000           261,666        259,200
10       64,000           398,333        388,800
11       85,000           482,000        500,000
12       100,000          606,000        600,000
13       120,000          715,000        700,000
14       140,000          837,500        800,000
15       165,000                         900,000
16       195,000                         1,000,000
